1460,1
1.224769432022099380e+01
1.210901093268704187e+01
1.231716669303576062e+01
1.184939770159144068e+01
1.242921619684438284e+01
1.187059990924204378e+01
1.263460302656933365e+01
1.220607264553017401e+01
1.177452020265869059e+01
1.167843990344780103e+01
1.177143616012172878e+01
1.275129969601349700e+01
1.187756857855813841e+01
1.254075757157729143e+01
1.196400108433044451e+01
1.179055720156850739e+01
1.191170158492759690e+01
1.140756494931240184e+01
1.197665948120236834e+01
1.184222921211282831e+01
1.269250311246144314e+01
1.184510277730856131e+01
1.234583458790533328e+01
1.177452020265869059e+01
1.194470788139576634e+01
1.245410391235216174e+01
1.181154747746034417e+01
1.263134038093451750e+01
1.224288661865288930e+01
1.113458902425031738e+01
1.059663473309607262e+01
1.191404782364425508e+01
1.210015641993862445e+01
1.201672647379925429e+01
1.253357621216862583e+01
1.264109655587988179e+01
1.188448902140271102e+01
1.193819320037457210e+01
1.159910316121128027e+01
1.131447452624639105e+01
1.198292909421596342e+01
1.204355371603239888e+01
1.187756857855813841e+01
1.177721095961561382e+01
1.185651516936030525e+01
1.267576372593760858e+01
1.238708501237549875e+01
1.242801547626786451e+01
1.163514309769447763e+01
1.175194236544072801e+01
1.208390501155596652e+01
1.164833010197643226e+01
1.160823564477455250e+01
1.286099861326992055e+01
1.177528972943771990e+01
1.210348605675507194e+01
1.205815251545355160e+01
1.218841771029145349e+01
1.299175342749305173e+01
1.173526869611366941e+01
1.197035031200910460e+01
1.152287579582339738e+01
1.221849516552873105e+01
1.184939770159144068e+01
1.229910751149736292e+01
1.266665705285941712e+01
1.210071212987234723e+01
1.232829027825442303e+01
1.128978191365601802e+01
1.232385568118655783e+01
1.240492350427533808e+01
1.177143616012172878e+01
1.212811110406046211e+01
1.188379912830877316e+01
1.158431546105690124e+01
1.141861478549898656e+01
1.181857023779618210e+01
1.175194236544072801e+01
1.182407989360715206e+01
1.160823564477455250e+01
1.217303279145197337e+01
1.194145584600938825e+01
1.240901348952686334e+01
1.174799758714971176e+01
1.203469102877455299e+01
1.246843690999766530e+01
1.206681057819666592e+01
1.201066584918756419e+01
1.135040653547245348e+01
1.172480582400572757e+01
1.160732614039171295e+01
1.149882654059072706e+01
1.200456826931944576e+01
1.180484853167926396e+01
1.222954500171531578e+01
1.212811110406046211e+01
1.227373129400398888e+01
1.145899712294467321e+01
1.132659588677873508e+01
1.176718001130948998e+01
1.223076525812054527e+01
1.208953882927422185e+01
1.168657620531655184e+01
1.220055746484206338e+01
1.204060820580264135e+01
1.242921619684438284e+01
1.151292546497022862e+01
1.165268740734538788e+01
1.165268740734538788e+01
1.215477935114262387e+01
1.182700601127653961e+01
1.210071212987234723e+01
1.285831970351794773e+01
1.228765263252259743e+01
1.246651198158808072e+01
1.207823927402028907e+01
1.184222921211282831e+01
1.195118039590138359e+01
1.267607627477590881e+01
1.200756072933749152e+01
1.210071212987234723e+01
1.151292546497022862e+01
1.182041016471818828e+01
1.194405831982697030e+01
1.210625231024796200e+01
1.134450681334526578e+01
1.175978554290175460e+01
1.137366339763672052e+01
1.195118039590138359e+01
1.191839057307839234e+01
1.232829027825442303e+01
1.240492350427533808e+01
1.192337811458943264e+01
1.230138282533449789e+01
1.210071212987234723e+01
1.206681057819666592e+01
1.187059990924204378e+01
1.204941883548479709e+01
1.234583458790533328e+01
1.235233515250842551e+01
1.165268740734538788e+01
1.246843690999766530e+01
1.201974306733868048e+01
1.222587527282635378e+01
1.173606901628443744e+01
1.177528972943771990e+01
1.156171562913966078e+01
1.231268238058843245e+01
1.185651516936030525e+01
1.165268740734538788e+01
1.171177632371539445e+01
1.282772919493990749e+01
1.215477935114262387e+01
1.236734079312629575e+01
1.173606901628443744e+01
1.127720313144915920e+01
1.160367982823869326e+01
1.250432366933118900e+01
1.244862659036420638e+01
1.267607627477590881e+01
1.199843328075192872e+01
1.292999148475687221e+01
1.230138282533449789e+01
1.154442413202959905e+01
1.193163579982841327e+01
1.175587164358061720e+01
1.215477935114262387e+01
1.269349862046777844e+01
1.211996994647676118e+01
1.233710090793657699e+01
1.176368418331741239e+01
1.227839330710980015e+01
1.238421883091364784e+01
1.200150547978890003e+01
1.212269103659112268e+01
1.240081672232268595e+01
1.225961341245820435e+01
1.205815251545355160e+01
1.312603064475180048e+01
1.151292546497022862e+01
1.208390501155596652e+01
1.220657252057182518e+01
1.169524702176418351e+01
1.220607264553017401e+01
1.175194236544072801e+01
1.307107008301677809e+01
1.206104687347991522e+01
1.181303005742056733e+01
1.194039339255473386e+01
1.256374708980198918e+01
1.266032791780776989e+01
1.212269103659112268e+01
1.216525065100991831e+01
1.177528972943771990e+01
1.175194236544072801e+01
1.190834023722489121e+01
1.265034812620317872e+01
1.236734079312629575e+01
1.155214617812350930e+01
1.252416267415333628e+01
1.184939770159144068e+01
1.205233854558813178e+01
1.162625415027723186e+01
1.191170158492759690e+01
1.160823564477455250e+01
1.210348605675507194e+01
1.187687389287545869e+01
1.185651516936030525e+01
1.253177278516947624e+01
1.188448902140271102e+01
1.149272275765270912e+01
1.213350195269533849e+01
1.243987122983171467e+01
1.195761128623167480e+01
1.199380721236314784e+01
1.180894766169700993e+01
1.225486280969960617e+01
1.158058411344404348e+01
1.264915461720964451e+01
1.202718518547050053e+01
1.223027733422699193e+01
1.220607264553017401e+01
1.210015641993862445e+01
1.148246625748551963e+01
1.286424010719409239e+01
1.162625415027723186e+01
1.257763620196265641e+01
1.157119437309420462e+01
1.173606901628443744e+01
1.216785143270997516e+01
1.190496755274625151e+01
1.290669184092882027e+01
1.145635511348183400e+01
1.176134682346870619e+01
1.228534582642468109e+01
1.140199390426294634e+01
1.213081016102962728e+01
1.217818744204063819e+01
1.266980666176231374e+01
1.163514309769447763e+01
1.247800636101381500e+01
1.161277079993994477e+01
1.127720313144915920e+01
1.169524702176418351e+01
1.223076525812054527e+01
1.239462475207476366e+01
1.182773620481026278e+01
1.184939770159144068e+01
1.210071212987234723e+01
1.253177278516947624e+01
1.124504601981462670e+01
1.236734079312629575e+01
1.206104687347991522e+01
1.197035031200910460e+01
1.188448902140271102e+01
1.234583458790533328e+01
1.224288661865288930e+01
1.230138282533449789e+01
1.235233515250842551e+01
1.148246625748551963e+01
1.207823927402028907e+01
1.252815614469928640e+01
1.192503511579706199e+01
1.177528972943771990e+01
1.119821472013052777e+01
1.207539432188805684e+01
1.212811110406046211e+01
1.209793048691047090e+01
1.169940503191284620e+01
1.190496755274625151e+01
1.249125158776383593e+01
1.239462475207476366e+01
1.257763620196265641e+01
1.184222921211282831e+01
1.173206099488689880e+01
1.223076525812054527e+01
1.221106018704121254e+01
1.185651516936030525e+01
1.293675161381143823e+01
1.216525065100991831e+01
1.233929148931639652e+01
1.212811110406046211e+01
1.224288661865288930e+01
1.240737950223520869e+01
1.209625777952296666e+01
1.201188091616573139e+01
1.197665948120236834e+01
1.138509209346034368e+01
1.171177632371539445e+01
1.194194432603212874e+01
1.235978037012438868e+01
1.181967460013923521e+01
1.178295260218328799e+01
1.236734079312629575e+01
1.202574909139889137e+01
1.186709727869084219e+01
1.193163579982841327e+01
1.238421883091364784e+01
1.207254125290565128e+01
1.197350987229947172e+01
1.196400108433044451e+01
1.249500393738238735e+01
1.223076525812054527e+01
1.191772368409068861e+01
1.259473063532195702e+01
1.263101353013899519e+01
1.232385568118655783e+01
1.140199390426294634e+01
1.132055357232277260e+01
1.279385931043229263e+01
1.201733052093329590e+01
1.179055720156850739e+01
1.169441334101560592e+01
1.283468130495254833e+01
1.208953882927422185e+01
1.214685328587020230e+01
1.246843690999766530e+01
1.250617723798051095e+01
1.246843690999766530e+01
1.214153412439260293e+01
1.274444436779610079e+01
1.277705219211591192e+01
1.261486554373101221e+01
1.174542511120846378e+01
1.239669300513882355e+01
1.137366339763672052e+01
1.268849879477446585e+01
1.188621167471415774e+01
1.227606501735020927e+01
1.126446410567172940e+01
1.168687877209366732e+01
1.184222921211282831e+01
1.255672951714334395e+01
1.224047407224750650e+01
1.216525065100991831e+01
1.234125891808524145e+01
1.284112980196544740e+01
1.227373129400398888e+01
1.221849516552873105e+01
1.195118039590138359e+01
1.222046852581390652e+01
1.131447452624639105e+01
1.137939407234570588e+01
1.249125158776383593e+01
1.135040653547245348e+01
1.185082525358262728e+01
1.192834090393156110e+01
1.196718073724782450e+01
1.194470788139576634e+01
1.298804081474445837e+01
1.266999846726583279e+01
1.215477935114262387e+01
1.146163217058267847e+01
1.157025053158949746e+01
1.184939770159144068e+01
1.208672588789760738e+01
1.206104687347991522e+01
1.180559507893304882e+01
1.177528972943771990e+01
1.254254488215138608e+01
1.195761128623167480e+01
1.188448902140271102e+01
1.219854437910938216e+01
1.167843990344780103e+01
1.215477935114262387e+01
1.189818786576087284e+01
1.197665948120236834e+01
1.201370075288271799e+01
1.179055720156850739e+01
1.199535161421452045e+01
1.205757263721172912e+01
1.180881377396910814e+01
1.173606901628443744e+01
1.171993963435455477e+01
1.229910751149736292e+01
1.101862914315544906e+01
1.190496755274625151e+01
1.273670089659234428e+01
1.288520203432191558e+01
1.209514108482289174e+01
1.175194236544072801e+01
1.214286656962638133e+01
1.227139211165081711e+01
1.123848861926846787e+01
1.238839420232412891e+01
1.216525065100991831e+01
1.130220443365457506e+01
1.173606901628443744e+01
1.216002870702876670e+01
1.296219462525150767e+01
1.168687877209366732e+01
1.227839330710980015e+01
1.157590026413161688e+01
1.151292546497022862e+01
1.159910316121128027e+01
1.176756768334380965e+01
1.171993963435455477e+01
1.204060820580264135e+01
1.111244789837310343e+01
1.239255221247279160e+01
1.241105222621671267e+01
1.201364014498549082e+01
1.158988650610635673e+01
1.246071486390375505e+01
1.203171925838539558e+01
1.191839057307839234e+01
1.165268740734538788e+01
1.208390501155596652e+01
1.254254488215138608e+01
1.273596533201338943e+01
1.100209984120423812e+01
1.188448902140271102e+01
1.231043266085441701e+01
1.165268740734538788e+01
1.233710090793657699e+01
1.210699236782949839e+01
1.191505167181287739e+01
1.238421883091364784e+01
1.174403718593361567e+01
1.186358233658339856e+01
1.223708669905934343e+01
1.227839330710980015e+01
1.163514309769447763e+01
1.266032791780776989e+01
1.184222921211282831e+01
1.181303005742056733e+01
1.252452637664870849e+01
1.159917655301345008e+01
1.218280401859081863e+01
1.207254125290565128e+01
1.135510137977666112e+01
1.128853113175436640e+01
1.171586630896691794e+01
1.210625231024796200e+01
1.130220443365457506e+01
1.226434155365415002e+01
1.166134547008850220e+01
1.168687877209366732e+01
1.141144629602037419e+01
1.160823564477455250e+01
1.322672339272857123e+01
1.167843990344780103e+01
1.200089179459013700e+01
1.205815251545355160e+01
1.225486280969960617e+01
1.175587164358061720e+01
1.215477935114262387e+01
1.220557252048849151e+01
1.169107165035370244e+01
1.169524702176418351e+01
1.160823564477455250e+01
1.254254488215138608e+01
1.222587527282635378e+01
1.225486280969960617e+01
1.214419724181208693e+01
1.207539432188805684e+01
1.149272275765270912e+01
1.245293272346169999e+01
1.198915964396659994e+01
1.160823564477455250e+01
1.248156193721631801e+01
1.195118039590138359e+01
1.104104808134268190e+01
1.214791373135664188e+01
1.172803684458717477e+01
1.209368751493538241e+01
1.202574909139889137e+01
1.189478070743925819e+01
1.242921619684438284e+01
1.213886389583672454e+01
1.226434155365415002e+01
1.215477935114262387e+01
1.190496755274625151e+01
1.299453000589444329e+01
1.243320821811392030e+01
1.179433792440841344e+01
1.224961094754465663e+01
1.284792653170256926e+01
1.260148741778483661e+01
1.140166982940999496e+01
1.269465266034884543e+01
1.283201107639666816e+01
1.195118039590138359e+01
1.200762170680633467e+01
1.179433792440841344e+01
1.189818786576087284e+01
1.195761128623167480e+01
1.207254125290565128e+01
1.198292909421596342e+01
1.136210257523564415e+01
1.165268740734538788e+01
1.179810440720389053e+01
1.205980332602871563e+01
1.195118039590138359e+01
1.142190606658305896e+01
1.046024210819051881e+01
1.297154048766974554e+01
1.212269103659112268e+01
1.177528972943771990e+01
1.169524702176418351e+01
1.163514309769447763e+01
1.233138283649562084e+01
1.184939770159144068e+01
1.257418196709456915e+01
1.189818786576087284e+01
1.173206099488689880e+01
1.227839330710980015e+01
1.224673462724906337e+01
1.198915964396659994e+01
1.173206099488689880e+01
1.201309450854768990e+01
1.221930964856216839e+01
1.177452020265869059e+01
1.180559507893304882e+01
1.147729828732707702e+01
1.290634686828123279e+01
1.197035031200910460e+01
1.248748510496835884e+01
1.225961341245820435e+01
1.236307639433983852e+01
1.157355008678666408e+01
1.191839057307839234e+01
1.197665948120236834e+01
1.212675883881044747e+01
1.266270604021273805e+01
1.207823927402028907e+01
1.179055720156850739e+01
1.300865926163212727e+01
1.136210257523564415e+01
1.220918778843031838e+01
1.207254125290565128e+01
1.175978554290175460e+01
1.158524612654985475e+01
1.057897979785735210e+01
1.208953882927422185e+01
1.158524612654985475e+01
1.214419724181208693e+01
1.161953520002848705e+01
1.197035031200910460e+01
1.251355734527813368e+01
1.266032791780776989e+01
1.242118402514711839e+01
1.227022046535392619e+01
1.179810440720389053e+01
1.209884928474214938e+01
1.234147728253637588e+01
1.225486280969960617e+01
1.177143616012172878e+01
1.173606901628443744e+01
1.247990931115990243e+01
1.184939770159144068e+01
1.163070850062661243e+01
1.245097768862589582e+01
1.158988650610635673e+01
1.255672951714334395e+01
1.163514309769447763e+01
1.185651516936030525e+01
1.158988650610635673e+01
1.207254125290565128e+01
1.236307639433983852e+01
1.170766954176274055e+01
1.204355371603239888e+01
1.158988650610635673e+01
1.212811110406046211e+01
1.249874225949299422e+01
1.175978554290175460e+01
1.269158046131187412e+01
1.227373129400398888e+01
1.266539442642904945e+01
1.182011600381005145e+01
1.186779878696233226e+01
1.169524702176418351e+01
1.232163098616444685e+01
1.204355371603239888e+01
1.184222921211282831e+01
1.168266823955732292e+01
1.188448902140271102e+01
1.201066584918756419e+01
1.189136190069047316e+01
1.178676213059995703e+01
1.211121236450621375e+01
1.244230220039274748e+01
1.168266823955732292e+01
1.269158046131187412e+01
1.179810440720389053e+01
1.282098797782054511e+01
1.177528972943771990e+01
1.182773620481026278e+01
1.187059990924204378e+01
1.128351230064242294e+01
1.213296417370953506e+01
1.302132683322655637e+01
1.183500896413934100e+01
1.184939770159144068e+01
1.160823564477455250e+01
1.267294638176698207e+01
1.164836503586405314e+01
1.217664898415669050e+01
1.228995412951087651e+01
1.192503511579706199e+01
1.252452637664870849e+01
1.185651516936030525e+01
1.230138282533449789e+01
1.192503511579706199e+01
1.230591798049989016e+01
1.223076525812054527e+01
1.193163579982841327e+01
1.232385568118655783e+01
1.279135618021417464e+01
1.168266823955732292e+01
1.265395846952229064e+01
1.190496755274625151e+01
1.247418956248711552e+01
1.189818786576087284e+01
1.123188793523711659e+01
1.183137919608876309e+01
1.211833373122216706e+01
1.156646623189825895e+01
1.265973409073371769e+01
1.262806705558954867e+01
1.111244789837310343e+01
1.238839420232412891e+01
1.181303005742056733e+01
1.203469102877455299e+01
1.201460943081893618e+01
1.198292909421596342e+01
1.184868316065357341e+01
1.193819320037457210e+01
1.181303005742056733e+01
1.203469102877455299e+01
1.172803684458717477e+01
1.225247901834432973e+01
1.132055357232277260e+01
1.184510277730856131e+01
1.187756857855813841e+01
1.220607264553017401e+01
1.100209984120423812e+01
1.144035477213539309e+01
1.135040653547245348e+01
1.248582712750943102e+01
1.252088338537020640e+01
1.232829027825442303e+01
1.275129969601349700e+01
1.193163579982841327e+01
1.282362844653917300e+01
1.187234663457698680e+01
1.149577930613525822e+01
1.195118039590138359e+01
1.195118039590138359e+01
1.134450681334526578e+01
1.223538869986422739e+01
1.158988650610635673e+01
1.216002870702876670e+01
1.181303005742056733e+01
1.276568843346559667e+01
1.138509209346034368e+01
1.188793136559368513e+01
1.191170158492759690e+01
1.148760765698593822e+01
1.202574909139889137e+01
1.219551713159065720e+01
1.290420736760115794e+01
1.160823564477455250e+01
1.183137919608876309e+01
1.295512745802841437e+01
1.234800614141884090e+01
1.176756768334380965e+01
1.217303279145197337e+01
1.203171925838539558e+01
1.183137919608876309e+01
1.206393287836905159e+01
1.154829260880751995e+01
1.201370075288271799e+01
1.245877499908592867e+01
1.184939770159144068e+01
1.190834023722489121e+01
1.137366339763672052e+01
1.160367982823869326e+01
1.282799231680175112e+01
1.176368418331741239e+01
1.187059990924204378e+01
1.197938532246759813e+01
1.206104687347991522e+01
1.256024445925078759e+01
1.230591798049989016e+01
1.224288661865288930e+01
1.233655251198096359e+01
1.191035840138112789e+01
1.287901711877259991e+01
1.217921519136029040e+01
1.185651516936030525e+01
1.353447302823116161e+01
1.272188581080720304e+01
1.159432110317422193e+01
1.186005499606542912e+01
1.207823927402028907e+01
1.139639164871427646e+01
1.172399643505016975e+01
1.183862560460953084e+01
1.218586993821265452e+01
1.265235974815859343e+01
1.184939770159144068e+01
1.279917570886451905e+01
1.184939770159144068e+01
1.226904744469156228e+01
1.091508846421460710e+01
1.261818229635700739e+01
1.244508954600067341e+01
1.209815330331067962e+01
1.160732614039171295e+01
1.085899899756356390e+01
1.154030714171144645e+01
1.214950229404177939e+01
1.176756768334380965e+01
1.177912850574488601e+01
1.201370075288271799e+01
1.197979920120703667e+01
1.196400108433044451e+01
1.273963775626565464e+01
1.176368418331741239e+01
1.252452637664870849e+01
1.187059990924204378e+01
1.173206099488689880e+01
1.181303005742056733e+01
1.267607627477590881e+01
1.169940503191284620e+01
1.231043266085441701e+01
1.217818744204063819e+01
1.160823564477455250e+01
1.154248426721177267e+01
1.237370348691412403e+01
1.214153412439260293e+01
1.231268238058843245e+01
1.178600138503264638e+01
1.158988650610635673e+01
1.200150547978890003e+01
1.144571671527677914e+01
1.238797744882778673e+01
1.209514108482289174e+01
1.215477935114262387e+01
1.179055720156850739e+01
1.186358233658339856e+01
1.209514108482289174e+01
1.207254125290565128e+01
1.210071212987234723e+01
1.261087086465063400e+01
1.237158708400774643e+01
1.249117263727890759e+01
1.246997418931655055e+01
1.149272275765270912e+01
1.147729828732707702e+01
1.199535161421452045e+01
1.228765263252259743e+01
1.252634290757510627e+01
1.195761128623167480e+01
1.205815251545355160e+01
1.226434155365415002e+01
1.197603035252480730e+01
1.209737322860683228e+01
1.257763620196265641e+01
1.175587164358061720e+01
1.151292546497022862e+01
1.227932310726976617e+01
1.272783820933449839e+01
1.250617723798051095e+01
1.248420425717010396e+01
1.218841771029145349e+01
1.198292909421596342e+01
1.228690119819279047e+01
1.319561383914392216e+01
1.181228904219584663e+01
1.153272809226640838e+01
1.158058411344404348e+01
1.164833010197643226e+01
1.288664104388325882e+01
1.199535161421452045e+01
1.230817786846732709e+01
1.186709727869084219e+01
1.187756857855813841e+01
1.181303005742056733e+01
1.207823927402028907e+01
1.207767093072564890e+01
1.213939851226218103e+01
1.201672647379925429e+01
1.175978554290175460e+01
1.199226042164484873e+01
1.184222921211282831e+01
1.235879373254783786e+01
1.158896015124622636e+01
1.214153412439260293e+01
1.198417831361639507e+01
1.189682639516255236e+01
1.250539915757667053e+01
1.232385568118655783e+01
1.217818744204063819e+01
1.204941883548479709e+01
1.187409031418181371e+01
1.160823564477455250e+01
1.309190416991962103e+01
1.207254125290565128e+01
1.220607264553017401e+01
1.160732614039171295e+01
1.214950229404177939e+01
1.327582753591546094e+01
1.167843990344780103e+01
1.233569641332367972e+01
1.181672691930189245e+01
1.231716669303576062e+01
1.198261654537766319e+01
1.157119437309420462e+01
1.210625231024796200e+01
1.188103478653462375e+01
1.093298196190413485e+01
1.196971720024373376e+01
1.166134547008850220e+01
1.232341113794740650e+01
1.182773620481026278e+01
1.250987409986183785e+01
1.195118039590138359e+01
1.231940133083717726e+01
1.211724143182355817e+01
1.144035477213539309e+01
1.232385568118655783e+01
1.184581988024355681e+01
1.235707551906670076e+01
1.286099861326992055e+01
1.160367982823869326e+01
1.214950229404177939e+01
1.212811110406046211e+01
1.190090525873737271e+01
1.201974306733868048e+01
1.192503511579706199e+01
1.237581542011726832e+01
1.202574909139889137e+01
1.184904049494359946e+01
1.175978554290175460e+01
1.194145584600938825e+01
1.151292546497022862e+01
1.187756857855813841e+01
1.177912850574488601e+01
1.184939770159144068e+01
1.196718073724782450e+01
1.207196966100669400e+01
1.185651516936030525e+01
1.194405831982697030e+01
1.204941883548479709e+01
1.226904744469156228e+01
1.180185675682244195e+01
1.238839420232412891e+01
1.213886389583672454e+01
1.178676213059995703e+01
1.227839330710980015e+01
1.200762170680633467e+01
1.197035031200910460e+01
1.204355371603239888e+01
1.175194236544072801e+01
1.189818786576087284e+01
1.206681057819666592e+01
1.193163579982841327e+01
1.242921619684438284e+01
1.215451615861577217e+01
1.178676213059995703e+01
1.193163579982841327e+01
1.179433792440841344e+01
1.243153350979954297e+01
1.190834023722489121e+01
1.242480648835568324e+01
1.176756768334380965e+01
1.203765399390521118e+01
1.237158708400774643e+01
1.160367982823869326e+01
1.220856952572876075e+01
1.166134547008850220e+01
1.179810440720389053e+01
1.110495722664394513e+01
1.262306110407298121e+01
1.179244934972054537e+01
1.276568843346559667e+01
1.190496755274625151e+01
1.182407989360715206e+01
1.196400108433044451e+01
1.214153412439260293e+01
1.208953882927422185e+01
1.168266823955732292e+01
1.151292546497022862e+01
1.270350903217714844e+01
1.188448902140271102e+01
1.181672691930189245e+01
1.249874225949299422e+01
1.191505167181287739e+01
1.171912629555412622e+01
1.205815251545355160e+01
1.194794937531993639e+01
1.201370075288271799e+01
1.168568478226049123e+01
1.184939770159144068e+01
1.157590026413161688e+01
1.187027118388911440e+01
1.332392694686310186e+01
1.181303005742056733e+01
1.160823564477455250e+01
1.193819320037457210e+01
1.210071212987234723e+01
1.238839420232412891e+01
1.174006103755397490e+01
1.175978554290175460e+01
1.244901882414056260e+01
1.242921619684438284e+01
1.178295260218328799e+01
1.206681057819666592e+01
1.194665403835125161e+01
1.187409031418181371e+01
1.138509209346034368e+01
1.188448902140271102e+01
1.206527491691360510e+01
1.122524339251844694e+01
1.047194980911048034e+01
1.181303005742056733e+01
1.238002595265361094e+01
1.208107615535548796e+01
1.221106018704121254e+01
1.189067673451087614e+01
1.204349489077281454e+01
1.217044546788702242e+01
1.224288661865288930e+01
1.207254125290565128e+01
1.256024445925078759e+01
1.207823927402028907e+01
1.237370348691412403e+01
1.231043266085441701e+01
1.221106018704121254e+01
1.167419361256635035e+01
1.267607627477590881e+01
1.215477935114262387e+01
1.239669300513882355e+01
1.128853113175436640e+01
1.212757041737521568e+01
1.244114476770965716e+01
1.238755635142507039e+01
1.240656150627957643e+01
1.192437264475594105e+01
1.227373129400398888e+01
1.191839057307839234e+01
1.187059990924204378e+01
1.183137919608876309e+01
1.173526869611366941e+01
1.187059990924204378e+01
1.250617723798051095e+01
1.216785143270997516e+01
1.219349386332331342e+01
1.176756768334380965e+01
1.169441334101560592e+01
1.180484853167926396e+01
1.205524975579558955e+01
1.175587164358061720e+01
1.188448902140271102e+01
1.172803684458717477e+01
1.179055720156850739e+01
1.212811110406046211e+01
1.195118039590138359e+01
1.166564655198789247e+01
1.251355734527813368e+01
1.195118039590138359e+01
1.238421883091364784e+01
1.227792808263060209e+01
1.209458226949680970e+01
1.198292909421596342e+01
1.181303005742056733e+01
1.054270639107051721e+01
1.184939770159144068e+01
1.181303005742056733e+01
1.206104687347991522e+01
1.150791292314668368e+01
1.211176196605893196e+01
1.202873863024725765e+01
1.201370075288271799e+01
1.135627165492485169e+01
1.220557252048849151e+01
1.160823564477455250e+01
1.184222921211282831e+01
1.209178349912804684e+01
1.272486643894534097e+01
1.198227262878967814e+01
1.245254202214787931e+01
1.174403718593361567e+01
1.173606901628443744e+01
1.166992921377989312e+01
1.288712700173597980e+01
1.218075483754588362e+01
1.219095900772012619e+01
1.275995775875661131e+01
1.203171925838539558e+01
1.213886389583672454e+01
1.206623570034237503e+01
1.272932078929472155e+01
1.170849224851420445e+01
1.182407989360715206e+01
1.212811110406046211e+01
1.141861478549898656e+01
1.223563144777171807e+01
1.131447452624639105e+01
1.136210257523564415e+01
1.235449265064844759e+01
1.182704253361908719e+01
1.210625231024796200e+01
1.191772368409068861e+01
1.200456826931944576e+01
1.138509209346034368e+01
1.238839420232412891e+01
1.153272809226640838e+01
1.181303005742056733e+01
1.151292546497022862e+01
1.201370075288271799e+01
1.135040653547245348e+01
1.168855803361338630e+01
1.233270529646353886e+01
1.222096125802392486e+01
1.214153412439260293e+01
1.198292909421596342e+01
1.227134527214636961e+01
1.207823927402028907e+01
1.217561343804546503e+01
1.137366339763672052e+01
1.216002870702876670e+01
1.256723749474175733e+01
1.163070850062661243e+01
1.202873863024725765e+01
1.258819065210850496e+01
1.156171562913966078e+01
1.167843990344780103e+01
1.198292909421596342e+01
1.219095900772012619e+01
1.264432757646132899e+01
1.234583458790533328e+01
1.169316151527316094e+01
1.133857207782545018e+01
1.266191396096340505e+01
1.256723749474175733e+01
1.148246625748551963e+01
1.128978191365601802e+01
1.195118039590138359e+01
1.206104687347991522e+01
1.218586993821265452e+01
1.247716791437755646e+01
1.253537639267277370e+01
1.184653646931040960e+01
1.322956799166663799e+01
1.188448902140271102e+01
1.165268740734538788e+01
1.134922937229943862e+01
1.208099116590829425e+01
1.220677739713441312e+01
1.201370075288271799e+01
1.188103478653462375e+01
1.244901882414056260e+01
1.210071212987234723e+01
1.213269517572539868e+01
1.242118402514711839e+01
1.272188581080720304e+01
1.230138282533449789e+01
1.227139211165081711e+01
1.130220443365457506e+01
1.140756494931240184e+01
1.161277079993994477e+01
1.194470788139576634e+01
1.270076888736628007e+01
1.208953882927422185e+01
1.203112384306563243e+01
1.192768061998548568e+01
1.181303005742056733e+01
1.181303005742056733e+01
1.194470788139576634e+01
1.142409425126361278e+01
1.197979920120703667e+01
1.217561343804546503e+01
1.229910751149736292e+01
1.204355371603239888e+01
1.184078932705484100e+01
1.195697005504586841e+01
1.174403718593361567e+01
1.188448902140271102e+01
1.179810440720389053e+01
1.216525065100991831e+01
1.198292909421596342e+01
1.214153412439260293e+01
1.189818786576087284e+01
1.133260191083894597e+01
1.243718436649356107e+01
1.183137919608876309e+01
1.219095900772012619e+01
1.143927892480192909e+01
1.198292909421596342e+01
1.182407989360715206e+01
1.189136190069047316e+01
1.176756768334380965e+01
1.208069081199846018e+01
1.175194236544072801e+01
1.204355371603239888e+01
1.175978554290175460e+01
1.196400108433044451e+01
1.100209984120423812e+01
1.169107165035370244e+01
1.181303005742056733e+01
1.197979920120703667e+01
1.157119437309420462e+01
1.269158046131187412e+01
1.210015641993862445e+01
1.252352587631512471e+01
1.210625231024796200e+01
1.254254488215138608e+01
1.214419724181208693e+01
1.223076525812054527e+01
1.177452020265869059e+01
1.180931947802403137e+01
1.166992921377989312e+01
1.266980666176231374e+01
1.212323436722116909e+01
1.177528972943771990e+01
1.184939770159144068e+01
1.180335376309003514e+01
1.168182400143204269e+01
1.226857785088157016e+01
1.162625415027723186e+01
1.167843990344780103e+01
1.200701176473192078e+01
1.165268740734538788e+01
1.206681057819666592e+01
1.246458334068167417e+01
1.227839330710980015e+01
1.184939770159144068e+01
1.181303005742056733e+01
1.144571671527677914e+01
1.167419361256635035e+01
1.238630869583310634e+01
1.203765399390521118e+01
1.153272809226640838e+01
1.168687877209366732e+01
1.145105006125214153e+01
1.218586993821265452e+01
1.187756857855813841e+01
1.184222921211282831e+01
1.219349386332331342e+01
1.295953851876206286e+01
1.128978191365601802e+01
1.128978191365601802e+01
1.191170158492759690e+01
1.210071212987234723e+01
1.206968002062461842e+01
1.166907414746015981e+01
1.187059990924204378e+01
1.172803684458717477e+01
1.191772368409068861e+01
1.234583458790533328e+01
1.169940503191284620e+01
1.221503238690164572e+01
1.229225034177122566e+01
1.210015641993862445e+01
1.234583458790533328e+01
1.236788532569258869e+01
1.212811110406046211e+01
1.189136190069047316e+01
1.231940133083717726e+01
1.176756768334380965e+01
1.159872694366134205e+01
1.217561343804546503e+01
1.235952308024303825e+01
1.241044104151804994e+01
1.206104687347991522e+01
1.236734079312629575e+01
1.334550692871853883e+01
1.204941883548479709e+01
1.200150547978890003e+01
1.205466819137093992e+01
1.220856952572876075e+01
1.238421883091364784e+01
1.256024445925078759e+01
1.169107165035370244e+01
1.165268740734538788e+01
1.195053502640496035e+01
1.144035477213539309e+01
1.242921619684438284e+01
1.288029181620460051e+01
1.352113949736169651e+01
1.169524702176418351e+01
1.213725832952981420e+01
1.156076279438438803e+01
1.146163217058267847e+01
1.247609978274323339e+01
1.218075483754588362e+01
1.214950229404177939e+01
1.203171925838539558e+01
1.206681057819666592e+01
1.173606901628443744e+01
1.201370075288271799e+01
1.197035031200910460e+01
1.207823927402028907e+01
1.229778545345337371e+01
1.187756857855813841e+01
1.208953882927422185e+01
1.190496755274625151e+01
1.166177641170258283e+01
1.219551713159065720e+01
1.166992921377989312e+01
1.226904744469156228e+01
1.194145584600938825e+01
1.251318963062056255e+01
1.158058411344404348e+01
1.220607264553017401e+01
1.184939770159144068e+01
1.257763620196265641e+01
1.214950229404177939e+01
1.200762170680633467e+01
1.163514309769447763e+01
1.188448902140271102e+01
1.180931947802403137e+01
1.173606901628443744e+01
1.162625415027723186e+01
1.234346656896899397e+01
1.129601246340665455e+01
1.142409425126361278e+01
1.165268740734538788e+01
1.180559507893304882e+01
1.187059990924204378e+01
1.183428406378139286e+01
1.212269103659112268e+01
1.188448902140271102e+01
1.227373129400398888e+01
1.189818786576087284e+01
1.281391789625369704e+01
1.175194236544072801e+01
1.215477935114262387e+01
1.179433792440841344e+01
1.153076538309855970e+01
1.186358233658339856e+01
1.177528972943771990e+01
1.184141593184978447e+01
1.207539432188805684e+01
1.218075483754588362e+01
1.186709727869084219e+01
1.249087557723111175e+01
1.232341113794740650e+01
1.242250573195289576e+01
1.204355371603239888e+01
1.304979268456949271e+01
1.234583458790533328e+01
1.208953882927422185e+01
1.213618651806600646e+01
1.204296530766002427e+01
1.177143616012172878e+01
1.168687877209366732e+01
1.240492350427533808e+01
1.205379521008459598e+01
1.177528972943771990e+01
1.259133504632081824e+01
1.201612206157172835e+01
1.175587164358061720e+01
1.261652529514937804e+01
1.151192496463664483e+01
1.215477935114262387e+01
1.192503511579706199e+01
1.210625231024796200e+01
1.176679218892727796e+01
1.199226042164484873e+01
1.210348605675507194e+01
1.210625231024796200e+01
1.212214741059241163e+01
1.171177632371539445e+01
1.284397135185963990e+01
1.285055465410883890e+01
1.187756857855813841e+01
1.246843690999766530e+01
1.213215696258000520e+01
1.182773620481026278e+01
1.208390501155596652e+01
1.184222921211282831e+01
1.182773620481026278e+01
1.199535161421452045e+01
1.219551713159065720e+01
1.237581542011726832e+01
1.113312810361064109e+01
1.233270529646353886e+01
1.210071212987234723e+01
1.192171836317106681e+01
1.184222921211282831e+01
1.203765399390521118e+01
1.179433792440841344e+01
1.187059990924204378e+01
1.215477935114262387e+01
1.253537639267277370e+01
1.254610994831588222e+01
1.210348605675507194e+01
1.169107165035370244e+01
1.158524612654985475e+01
1.200089179459013700e+01
1.165268740734538788e+01
1.183862560460953084e+01
1.195118039590138359e+01
1.184939770159144068e+01
1.198292909421596342e+01
1.194470788139576634e+01
1.232385568118655783e+01
1.208672588789760738e+01
1.257763620196265641e+01
1.235449265064844759e+01
1.177528972943771990e+01
1.269158046131187412e+01
1.221849516552873105e+01
1.183500896413934100e+01
1.189818786576087284e+01
1.209625777952296666e+01
1.272188581080720304e+01
1.222096125802392486e+01
1.261818229635700739e+01
1.271640214624747500e+01
1.168687877209366732e+01
1.223999086373363454e+01
1.259640042688442740e+01
1.224961094754465663e+01
1.252452637664870849e+01
1.161728548029447161e+01
1.196081128896234524e+01
1.119134184084276562e+01
1.215477935114262387e+01
1.132055357232277260e+01
1.189818786576087284e+01
1.091508846421460710e+01
1.127720313144915920e+01
1.177912850574488601e+01
1.245293272346169999e+01
1.208107615535548796e+01
1.233270529646353886e+01
1.179433792440841344e+01
1.151292546497022862e+01
1.174006103755397490e+01
1.173606901628443744e+01
1.203112384306563243e+01
1.181303005742056733e+01
1.086856844857971538e+01
1.220607264553017401e+01
1.176368418331741239e+01
1.171993963435455477e+01
1.195118039590138359e+01
1.233929148931639652e+01
1.208390501155596652e+01
1.195655303417274240e+01
1.159450545196265203e+01
1.247800636101381500e+01
1.255483688216873617e+01
1.227839330710980015e+01
1.171177632371539445e+01
1.220607264553017401e+01
1.204941883548479709e+01
1.181228904219584663e+01
1.292391243868049067e+01
1.236734079312629575e+01
1.204355371603239888e+01
1.160823564477455250e+01
1.191772368409068861e+01
1.208672588789760738e+01
1.266032791780776989e+01
1.214950229404177939e+01
1.246843690999766530e+01
1.156076279438438803e+01
1.196356786948733664e+01
1.187862357740664976e+01
1.228303368666630213e+01
1.217044546788702242e+01
1.175194236544072801e+01
1.187756857855813841e+01
1.235449265064844759e+01
1.156171562913966078e+01
1.201672647379925429e+01
1.252197767692569386e+01
1.305301329926953535e+01
1.242921619684438284e+01
1.238421883091364784e+01
1.141861478549898656e+01
1.166992921377989312e+01
1.132659588677873508e+01
1.202873863024725765e+01
1.097678203321994772e+01
1.237792290245683269e+01
1.196400108433044451e+01
1.162625415027723186e+01
1.156171562913966078e+01
1.174006103755397490e+01
1.242921619684438284e+01
1.182041016471818828e+01
1.284132584767121621e+01
1.178295260218328799e+01
1.236734079312629575e+01
1.172803684458717477e+01
1.171993963435455477e+01
1.200150547978890003e+01
1.241543365243174613e+01
1.254686766829101963e+01
1.198292909421596342e+01
1.183137919608876309e+01
1.183500896413934100e+01
1.183101549359339089e+01
1.169524702176418351e+01
1.217044546788702242e+01
1.217498953211642565e+01
1.255292652026109224e+01
1.156171562913966078e+01
1.252452637664870849e+01
1.179810440720389053e+01
1.162625415027723186e+01
1.174006103755397490e+01
1.227839330710980015e+01
1.234583458790533328e+01
1.184939770159144068e+01
1.140756494931240184e+01
1.245683136387735601e+01
1.224047407224750650e+01
1.207767093072564890e+01
1.171586630896691794e+01
1.273670089659234428e+01
1.172803684458717477e+01
1.231492705044225566e+01
1.210015641993862445e+01
1.175587164358061720e+01
1.182407989360715206e+01
1.252441727978877140e+01
1.187756857855813841e+01
1.186358233658339856e+01
1.250987409986183785e+01
1.184939770159144068e+01
1.168687877209366732e+01
1.211669483437895778e+01
1.216597955196372993e+01
1.187583095865959670e+01
1.107442050278386425e+01
1.213618651806600646e+01
1.198292909421596342e+01
1.206681057819666592e+01
1.169940503191284620e+01
1.288567095324428813e+01
1.191638857040772059e+01
1.219095900772012619e+01
1.216002870702876670e+01
1.191371298352728125e+01
1.264432757646132899e+01
1.170354582457887815e+01
1.209848743485023626e+01
1.176756768334380965e+01
1.196971720024373376e+01
1.238839420232412891e+01
1.162625415027723186e+01
1.142954385603117728e+01
1.182041016471818828e+01
1.256755103443322596e+01
1.188448902140271102e+01
1.134450681334526578e+01
1.212811110406046211e+01
1.207254125290565128e+01
1.225486280969960617e+01
1.249312952258803655e+01
1.186446223105283693e+01
1.190158345476201163e+01
